cam_int = [6017.948496106066    0.00000000          2994.390454318132;
           0.00000000           6148.908650644250   4074.604637542595;
           0.00000000           0.00000000          1.00000000];
        
cam_ext = [-0.204661 	 0.851054	 -0.483550   -219.647201;
           0.967176 	 0.251839 	 0.033885  -341.522809; 
           0.150614 	 -0.460743 	 -0.874660  795.758133];

proj_int = [896.8712232204242   0.00000000          959.5000000000001;
           0.00000000           891.9704515107917   539.5000000000000;
           0.00000000           0.00000000          1.00000000];
       
proj_ext = [0.153798 	 0.860190 	 0.486229   -741.961090;
           0.987600 	 -0.118138 	 -0.103387  -450.810819; 
           -0.031490 	 0.496101 	 -0.867694  673.997007];
    