cam_int = [4379.232142306931    0.00000000          2492.739310518599;
           0.00000000           4379.215063647761   1906.898794212724;
           0.00000000           0.00000000          1.00000000];
       
cam_ext = [-0.073344 	 0.995840 	 0.054076   -348.951178;
           0.977312 	 0.060965 	 -0.202840  -289.008415; 
           -0.198699 	 -0.067726 	 -0.977718  1478.475558];
        
proj_int = [1497.954847253452   0.00000000          348.977134389728;
           0.00000000           1187.611385484648   407.480143869972;
           0.00000000           0.00000000          1.00000000];
        
proj_ext = [0.043853 	 0.993045	 0.013748   0.109267;
           0.988696 	 -0.027442 	 -0.248817  0.147400; 
           -0.143376 	 0.114496 	 -0.968453  -0.983023];
         
       