cam_int = [4379.232142306931    0.00000000          2492.739310518599;
           0.00000000           4379.215063647761   1906.898794212724;
           0.00000000           0.00000000          1.00000000];
       
cam_ext = [-0.073344 	 0.995840 	 0.054076   -348.951178;
           0.977312 	 0.060965 	 -0.202840  -289.008415; 
           -0.198699 	 -0.067726 	 -0.977718  1478.475558];
        
proj_int = [1454.763927458388   0.00000000          435.046958802625;
           0.00000000           1141.251412904898   446.939096938288;
           0.00000000           0.00000000          1.00000000];
        
proj_ext = [0.051570 	 0.984194	 0.169416   -211.310416;
           0.996454 	 -0.039415 	 -0.074342  -208.067560; 
           -0.066489 	 0.172649 	 -0.982737  1095.812769];
         
% %********* For the camera ***********
% 
% cam_int = [4197.19280824783 0 2450.85423059084 ;
%             0 4156.01519224276 1954.17703089413 ;
%             0 0 1] ;
%  
% cam_ext =[-0.0846898404487403 0.994172675433539 -0.0666957445875338 -175.840170893907
%             0.976130467401210 0.0693453296872083 -0.205816753112249 -143.132351866210
%            -0.199992353693493 -0.0825343363206552 -0.976315083255527  996.472441786976]  ;
% 
% 
% %********* For the projector  ***********
% 
% proj_int = [1574.50077988887 0 457.965869748202 ;
%             0 1265.74941184366 461.341109539013
%             0 0 1] ;
% 
% 
% proj_ext = [0.0521707310063488 0.975980619953768 0.211518425440720 -166.959964259802
%              0.989790228381834 -0.0224028179781719 -0.140760141895618 -162.126503123197  
%               -0.132640561767888 0.216702430123188 -0.967184852110807 859.833123484420] ;
%        