cam_int = [4379.232142306931    0.00000000          2492.739310518599;
           0.00000000           4379.215063647761   1906.898794212724;
           0.00000000           0.00000000          1.00000000];
       
cam_ext = [-0.073344 	 0.995840 	 0.054076   -348.951178;
           0.977312 	 0.060965 	 -0.202840  -289.008415; 
           -0.198699 	 -0.067726 	 -0.977718  1478.475558];
        
proj_int = [1454.763927458388   0.00000000          435.046958802625;
           0.00000000           1141.251412904898   446.939096938288;
           0.00000000           0.00000000          1.00000000];
        
proj_ext = [0.051570 	 0.984194	 0.169416   -211.310416;
           0.996454 	 -0.039415 	 -0.074342  -208.067560; 
           -0.066489 	 0.172649 	 -0.982737  1095.812769];
 