% Intrinsice and Extrinsics for self calibrated camera/projector:
cam_int = [7943.301459372163    0.00000000            1535.50;
             0.00000000           6232.555171413794     1023.50;
             0.00000000           0.00000000            1.00000000];

cam_ext = [-0.452152      0.891802 	 0.015762       -40.425922;
             0.877267       0.441451 	 0.188478       -70.612566
             0.161127       0.099048 	 -0.981951      1165.911548];

proj_int = [3504.897211073729     0.00000000            511.5;
             0.00000000             3561.645237590131     383.5;
             0.00000000             0.00000000            1.00000000];

proj_ext = [0.447638      0.741702         0.499499       -82.014327;
              0.894027      -0.359769       -0.266985       -39.871108;
              -0.018319     0.566078        -0.824148       1321.928254];