cam_int = [4786.25390625    0.00000000      1541.16491699;
           0.00000000       4789.81884766   1036.94421387;
           0.00000000       0.00000000      1.00000000];
       
cam_ext = [0.99998617       -0.00475739     0.00223672      -0.10157115;
           0.00382316       0.95016861      0.31171292      -0.10139455;
           -0.00360820      -0.31170005     0.95017368      0.49625999];
        
proj_int = [3680.39404297	0.00000000      591.75494385;
            0.00000000      3672.32153320	393.62173462;
            0.00000000      0.00000000      1.00000000];
        
proj_ext = [0.72119248      0.44233182      -0.53312665     -0.14915472;
            -0.36164442     0.89680630      0.25485638      -0.06104425;
            0.59084243      0.00900178      0.80673677      1.36014771];
         
       